runnum launchtime launch gpuCTag positrons calo12ratio
0 -1 -1 -1 -1 -1
1 -1 -1 -1 -1 -nan
2 -1 -1 -1 -1 -nan
3 -1 -1 -1 -1 -nan
4 -1 -1 -1 -1 0
5 -1 -1 -1 -1 -1
6 -1 -1 -1 -1 -nan
7 -1 -1 -1 -1 -nan
8 -1 -1 -1 -1 -nan
9 -1 -1 -1 -1 -nan
10 -1 -1 -1 -1 -nan
11 -1 -1 -1 -1 -nan
12 -1 -1 -1 -1 -nan
13 -1 -1 -1 -1 -nan
14 -1 -1 -1 -1 -nan
15 -1 -1 -1 -1 -nan
16 -1 -1 -1 -1 -nan
17 -1 -1 -1 -1 -nan
18 -1 -1 -1 -1 -nan
19 -1 -1 -1 -1 -nan
20 -1 -1 -1 -1 -1
21 -1 -1 -1 -1 -nan
22 -1 -1 -1 -1 -nan
23 -1 -1 -1 -1 0
24 -1 -1 -1 -1 -1
25 -1 -1 -1 -1 -1
26 -1 -1 -1 -1 -nan
27 -1 -1 -1 -1 -1
28 -1 -1 -1 -1 -nan
29 -1 -1 -1 -1 -1
30 -1 -1 -1 -1 -nan
31 -1 -1 -1 -1 -nan
32 -1 -1 -1 -1 0
33 -1 -1 -1 -1 -1
34 -1 -1 -1 -1 0
35 -1 -1 -1 -1 0
36 -1 -1 -1 -1 0
37 -1 -1 -1 -1 -nan
38 -1 -1 -1 -1 0
39 -1 -1 -1 -1 -nan
40 -1 -1 -1 -1 0
41 -1 -1 -1 -1 0
42 -1 -1 -1 -1 0
43 -1 -1 -1 -1 -nan
44 -1 -1 -1 -1 -nan
45 -1 -1 -1 -1 -nan
46 -1 -1 -1 -1 0
47 -1 -1 -1 -1 -nan
48 -1 -1 -1 -1 -1
49 -1 -1 -1 -1 -1
50 -1 -1 -1 -1 -nan
51 -1 -1 -1 -1 -nan
52 -1 -1 -1 -1 -nan
53 -1 -1 -1 -1 -nan
54 -1 -1 -1 -1 -nan
55 -1 -1 -1 -1 -nan
56 -1 -1 -1 -1 -nan
57 -1 -1 -1 -1 -1
58 -1 -1 -1 -1 -nan
59 -1 -1 -1 -1 -nan
60 -1 -1 -1 -1 -nan
61 -1 -1 -1 -1 -nan
62 -1 -1 -1 -1 -1
63 -1 -1 -1 -1 -1
64 -1 -1 -1 -1 -nan
65 -1 -1 -1 -1 -nan
66 -1 -1 -1 -1 -nan
67 -1 -1 -1 -1 -nan
68 -1 -1 -1 -1 -1
69 -1 -1 -1 -1 -1
70 -1 -1 -1 -1 -1
71 -1 -1 -1 -1 -1
72 -1 -1 -1 -1 -1
73 -1 -1 -1 -1 -1
74 -1 -1 -1 -1 -nan
75 -1 -1 -1 -1 -nan
76 -1 -1 -1 -1 -1
77 -1 -1 -1 -1 -1
78 -1 -1 -1 -1 -nan
79 -1 -1 -1 -1 -nan
80 -1 -1 -1 -1 -1
81 -1 -1 -1 -1 -nan
82 -1 -1 -1 -1 -nan
83 -1 -1 -1 -1 -nan
84 -1 -1 -1 -1 -nan
85 -1 -1 -1 -1 -nan
86 -1 -1 -1 -1 -nan
87 -1 -1 -1 -1 -1
88 -1 -1 -1 -1 -1
89 -1 -1 -1 -1 -nan
90 -1 -1 -1 -1 -1
91 -1 -1 -1 -1 -1
92 -1 -1 -1 -1 -1
93 -1 -1 -1 -1 -nan
94 -1 -1 -1 -1 -nan
95 -1 -1 -1 -1 -nan
96 -1 -1 -1 -1 -nan
97 -1 -1 -1 -1 -nan
98 -1 -1 -1 -1 -1
99 -1 -1 -1 -1 -1
100 -1 -1 -1 -1 -1
101 -1 -1 332 -1 -nan
102 -1 -1 294 -1 0
103 -1 -1 142 -1 -nan
104 -1 -1 399 -1 -nan
105 -1 -1 255 -1 -nan
106 -1 -1 271 -1 -nan
107 -1 -1 254 -1 -nan
108 -1 -1 839 -1 0
109 -1 -1 87 -1 -nan
110 -1 -1 90 -1 -nan
111 -1 -1 80 -1 -nan
112 -1 -1 246 -1 -nan
113 -1 -1 8 -1 -nan
114 -1 -1 0 -1 -nan
115 -1 -1 90 -1 -nan
116 -1 -1 0 -1 -nan
117 -1 -1 0 -1 -nan
118 -1 -1 267 -1 -nan
119 -1 -1 185 -1 -nan
120 -1 -1 258 -1 -nan
121 -1 -1 272 -1 -nan
122 -1 -1 0 -1 -nan
123 -1 -1 250 -1 -nan
124 -1 -1 -1 -1 -1
125 -1 -1 -1 -1 -1
126 -1 -1 268 -1 -nan
127 -1 -1 259 -1 -nan
128 -1 -1 253 -1 0
129 -1 -1 254 -1 -nan
130 -1 -1 222 -1 0
131 -1 -1 251 -1 -nan
132 -1 -1 257 -1 -nan
133 -1 -1 257 -1 -nan
134 -1 -1 0 -1 -nan
135 -1 -1 298 -1 -nan
136 -1 -1 86 -1 -nan
137 -1 -1 168 -1 -nan
138 -1 -1 255 -1 -nan
139 -1 -1 254 -1 -nan
140 -1 -1 258 -1 -nan
141 -1 -1 0 -1 -nan
142 -1 -1 0 -1 -nan
143 -1 -1 -1 -1 -1
144 -1 -1 0 -1 -nan
145 -1 -1 -1 -1 -1
146 -1 -1 -1 -1 -1
147 -1 -1 0 -1 -nan
148 -1 -1 0 -1 -nan
149 -1 -1 -1 -1 -1
150 -1 -1 0 -1 -nan
151 -1 -1 169 -1 -nan
152 -1 -1 80 -1 -nan
153 -1 -1 87 -1 -nan
154 -1 -1 73 -1 -nan
155 -1 -1 86 -1 -nan
156 -1 -1 75 -1 -nan
157 -1 -1 88 -1 -nan
158 -1 -1 74 -1 0
159 -1 -1 64 -1 0
160 -1 -1 0 -1 -nan
161 -1 -1 0 -1 -nan
162 -1 -1 0 -1 -nan
163 -1 -1 0 -1 -nan
164 -1 -1 158 -1 -nan
165 -1 -1 234 -1 -nan
166 -1 -1 235 -1 -nan
167 -1 -1 -1 -1 -1
168 -1 -1 -1 -1 -1
169 -1 -1 -1 -1 -1
170 -1 -1 -1 -1 -1
171 -1 -1 -1 -1 -1
172 -1 -1 -1 -1 -1
173 -1 -1 254 -1 -nan
174 -1 -1 245 -1 -nan
175 -1 -1 -1 -1 -1
176 -1 -1 82 -1 -nan
177 -1 -1 -1 -1 -1
178 -1 -1 -1 -1 -1
179 -1 -1 166 -1 -nan
180 -1 -1 175 -1 -nan
181 -1 -1 0 -1 -nan
182 -1 -1 1980 -1 0
183 -1 -1 216 -1 0
184 -1 -1 234 -1 0
185 -1 -1 216 -1 0
186 -1 -1 216 -1 0
187 -1 -1 216 -1 0
188 -1 -1 216 -1 0
189 -1 -1 216 -1 0
190 -1 -1 216 -1 0
191 -1 -1 216 -1 0
192 -1 -1 684 -1 0
193 -1 -1 648 -1 0
194 -1 -1 216 -1 0
195 -1 -1 2628 -1 0
196 -1 -1 2663 -1 0
197 -1 -1 2412 -1 0
198 -1 -1 2196 -1 0
199 -1 -1 648 -1 0
200 -1 -1 0 -1 -nan
201 -1 -1 234 -1 0
202 -1 -1 -1 -1 -1
203 -1 -1 -1 -1 -1
204 -1 -1 0 -1 -nan
205 -1 -1 216 -1 0
206 -1 -1 666 -1 0
207 -1 -1 432 -1 0
208 -1 -1 684 -1 0
209 -1 -1 684 -1 0
210 -1 -1 703 -1 0
211 -1 -1 684 -1 0
212 -1 -1 703 -1 0
213 -1 -1 1140 -1 0
214 -1 -1 1596 -1 0
215 -1 -1 1653 -1 0
216 -1 -1 1178 -1 0
217 -1 -1 1140 -1 0
218 -1 -1 192 -1 0
219 -1 -1 -1 -1 -1
220 -1 -1 168 -1 0
221 -1 -1 168 -1 0
222 -1 -1 3387 -1 0
223 -1 -1 2764 -1 0
224 -1 -1 360 -1 0
225 -1 -1 1494 -1 0
226 -1 -1 1332 -1 0
227 -1 -1 1604 -1 0
228 -1 -1 1720 -1 0
229 -1 -1 1712 -1 1.15
230 -1 -1 1575 -1 1.15
231 -1 -1 1071 -1 1.15
232 -1 -1 1764 -1 1.15
233 -1 -1 1008 -1 1.15
234 -1 -1 756 -1 1.15
235 -1 -1 1806 -1 1.15
236 -1 -1 -1 -1 -1
237 -1 -1 0 -1 -nan
238 -1 -1 1764 -1 1.15
239 -1 -1 -1 -1 -1
240 -1 -1 0 -1 -nan
241 -1 -1 777 -1 1.15
242 -1 -1 2121 -1 1.15
243 -1 -1 2016 -1 1.15
244 -1 -1 2037 -1 1.15
245 -1 -1 1029 -1 1.15
246 -1 -1 525 -1 1.15
247 -1 -1 252 -1 1.15
248 -1 -1 252 -1 1.15
249 -1 -1 252 -1 1.15
250 -1 -1 252 -1 1.15
251 -1 -1 252 -1 1.15
252 -1 -1 0 -1 1.15
253 -1 -1 252 -1 1.15
254 -1 -1 252 -1 1.15
255 -1 -1 251 -1 1.15
256 -1 -1 252 -1 1.15
257 -1 -1 252 -1 1.15
258 -1 -1 252 -1 1.15
259 -1 -1 252 -1 1.15
260 -1 -1 273 -1 1.15
261 -1 -1 1806 -1 1.15
262 -1 -1 1806 -1 1.15
263 -1 -1 504 -1 1.15
264 -1 -1 -1 -1 -1
265 -1 -1 1050 -1 1.15
266 -1 -1 -1 -1 -1
267 -1 -1 0 -1 -nan
268 -1 -1 1806 -1 1.15
269 -1 -1 1260 -1 1.15
270 -1 -1 1785 -1 1.15
271 -1 -1 1806 -1 1.15
272 -1 -1 -1 -1 -1
273 -1 -1 0 -1 -nan
274 -1 -1 1785 -1 1.15
275 -1 -1 1554 -1 1.15
276 -1 -1 504 -1 1.15
277 -1 -1 273 -1 1.15
278 -1 -1 252 -1 1.15
279 -1 -1 1008 -1 1.15
280 -1 -1 1050 -1 1.15
281 -1 -1 504 -1 1.15
282 -1 -1 252 -1 1.15
283 -1 -1 216 -1 1.35294
284 -1 -1 1512 -1 1.35777
285 -1 -1 -1 -1 -1
286 -1 -1 0 -1 -nan
287 -1 -1 0 -1 -nan
288 -1 -1 -1 -1 -1
289 -1 -1 1615 -1 1.27778
290 -1 -1 -1 -1 -1
291 -1 -1 1720 -1 1.21053
292 -1 -1 1460 -1 1.20537
293 -1 -1 -1 -1 -1
294 -1 -1 1803 -1 1.16535
295 -1 -1 3827 -1 1.06596
296 -1 -1 828 -1 1.04545
297 -1 -1 912 -1 1.27778
298 -1 -1 -1 -1 -1
299 -1 -1 -1 -1 -1
300 -1 -1 -1 -1 -1
301 -1 -1 -1 -1 -1
302 -1 -1 3228 -1 1.00756
303 -1 -1 600 -1 1
304 -1 -1 -1 -1 -1
305 -1 -1 -1 -1 -1
306 -1 -1 288 -1 1
307 -1 -1 288 -1 1
308 -1 -1 288 -1 1
309 -1 -1 288 -1 1
310 -1 -1 288 -1 1
311 -1 -1 288 -1 1
312 -1 -1 2160 -1 1
313 -1 -1 -1 -1 -1
314 -1 -1 9214 -1 0.995937
315 -1 -1 3528 -1 0.995388
316 -1 -1 1175 -1 0.993492
317 -1 -1 1176 -1 0.993442
318 -1 -1 288 -1 0.992895
319 -1 -1 1176 -1 0.993331
320 -1 -1 1175 -1 0.993073
321 -1 -1 1152 -1 0.992795
322 -1 -1 -1 -1 -1
323 -1 -1 1176 -1 0.992665
324 -1 -1 1176 -1 0.992698
325 -1 -1 864 -1 0.992498
326 -1 -1 -1 -1 -1
327 -1 -1 288 -1 0.995838
328 -1 -1 600 -1 0.995639
329 -1 -1 8664 -1 0.996074
330 -1 -1 7488 -1 0.995968
331 -1 -1 3215 -1 0.996131
332 -1 -1 -1 -1 -1
333 -1 -1 -1 -1 -1
334 -1 -1 1464 -1 0.995459
335 -1 -1 -1 -1 -1
336 -1 -1 -1 -1 -1
337 -1 -1 -1 -1 -1
338 -1 -1 -1 -1 -1
339 -1 -1 -1 -1 -1
340 -1 -1 0 -1 -nan
341 -1 -1 288 -1 0.992404
342 -1 -1 -1 -1 -1
343 -1 -1 312 -1 0.991519
344 -1 -1 288 -1 0.992693
345 -1 -1 312 -1 0.990908
346 -1 -1 -1 -1 -1
347 -1 -1 288 -1 0.989495
348 -1 -1 8327 -1 0.992402
349 -1 -1 8664 -1 0.992553
350 -1 -1 2880 -1 0.992416
351 -1 -1 11808 -1 0.992296
352 -1 -1 10943 -1 0.992344
353 -1 -1 11302 -1 0.992401
354 -1 -1 11736 -1 0.992497
355 -1 -1 11808 -1 0.992083
356 -1 -1 1464 -1 0.992118
357 -1 -1 -1 -1 -1
358 -1 -1 -1 -1 -1
359 -1 -1 11808 -1 0.992212
360 -1 -1 11256 -1 0.992227
361 -1 -1 10944 -1 0.992023
362 -1 -1 11591 -1 0.992142
363 -1 -1 11952 -1 0.9919
364 -1 -1 9287 -1 0.992042
365 -1 -1 8664 -1 0.991961
366 -1 -1 8664 -1 0.991932
367 -1 -1 8640 -1 0.991827
368 -1 -1 3192 -1 0.991797
369 -1 -1 -1 -1 -1
370 -1 -1 -1 -1 -1
371 -1 -1 -1 -1 -1
372 -1 -1 -1 -1 -1
373 -1 -1 5808 -1 0.994009
374 -1 -1 -1 -1 -1
375 -1 -1 -1 -1 -1
376 -1 -1 8303 -1 1.03939
377 -1 -1 8303 -1 1.03966
378 -1 -1 7751 -1 1.03949
379 -1 -1 8027 -1 1.03968
380 -1 -1 -1 -1 -1
381 -1 -1 8271 -1 1.08528
382 -1 -1 264 -1 1.08596
383 -1 -1 528 -1 1.08656
384 -1 -1 528 -1 1.08672
385 -1 -1 528 -1 1.08669
386 -1 -1 264 -1 1.0859
387 -1 -1 7699 -1 1.08659
388 -1 -1 4268 -1 1.04092
389 -1 -1 7942 -1 1.07566
390 -1 -1 528 -1 1.08602
391 -1 -1 2661 -1 1.08469
392 -1 -1 528 -1 1.08472
393 -1 -1 2662 -1 1.09372
394 -1 -1 264 -1 1.09319
395 -1 -1 -1 -1 -1
396 -1 -1 286 -1 1.09524
397 -1 -1 286 -1 1.09524
398 -1 -1 286 -1 1.09524
399 -1 -1 264 -1 1.09524
400 -1 -1 264 -1 1.09377
401 -1 -1 7744 -1 1.09368
402 -1 -1 7700 -1 1.0938
403 -1 -1 7942 -1 1.09368
404 -1 -1 8448 -1 1.09377
405 -1 -1 1342 -1 1.0934
406 -1 -1 8470 -1 1.09358
407 -1 -1 7436 -1 1.09371
408 -1 -1 7942 -1 1.09361
409 -1 -1 3718 -1 1.0936
410 -1 -1 550 -1 1.09369
411 -1 -1 528 -1 1.09438
412 -1 -1 -1 -1 -1
413 -1 -1 264 -1 1.09424
414 -1 -1 7964 -1 1.09389
415 -1 -1 -1 -1 -1
416 -1 -1 -1 -1 -1
417 -1 -1 0 -1 -nan
418 -1 -1 3366 -1 1.09471
419 -1 -1 -1 -1 -1
420 -1 -1 7370 -1 1.09449
421 -1 -1 264 -1 1.09405
422 -1 -1 2662 -1 1.0898
423 -1 -1 550 -1 1.09436
424 -1 -1 264 -1 1.09399
425 -1 -1 1056 -1 1.0944
426 -1 -1 6094 -1 1.09438
427 -1 -1 7304 -1 1.09313
428 -1 -1 6908 -1 1.09405
429 -1 -1 6600 -1 1.09478
430 -1 -1 2398 -1 1.09524
431 -1 -1 6886 -1 1.09524
432 -1 -1 6358 -1 1.09524
433 -1 -1 7260 -1 1.09524
434 -1 -1 6908 -1 1.09524
435 -1 -1 7040 -1 1.09524
436 -1 -1 6666 -1 1.09524
437 -1 -1 6886 -1 1.09524
438 -1 -1 6886 -1 1.09524
439 -1 -1 6710 -1 1.09524
440 -1 -1 6930 -1 1.09524
441 -1 -1 1342 -1 1.09524
442 -1 -1 -1 -1 -1
443 -1 -1 -1 -1 -1
444 -1 -1 -1 -1 -1
445 -1 -1 -1 -1 -1
446 -1 -1 6886 -1 1.09524
447 -1 -1 6885 -1 1.09524
448 -1 -1 6820 -1 1.08882
449 -1 -1 4774 -1 1.09524
450 -1 -1 2178 -1 1.09524
451 -1 -1 264 -1 1.09524
452 -1 -1 6380 -1 1.09524
453 -1 -1 5741 -1 1.09524
454 -1 -1 6899 -1 1.02677
455 -1 -1 1464 -1 0.999997
456 -1 -1 -1 -1 -1
457 -1 -1 8112 -1 1
458 -1 -1 -1 -1 -1
459 -1 -1 1464 -1 1
460 -1 -1 -1 -1 -1
461 -1 -1 600 -1 1
462 -1 -1 288 -1 1
463 -1 -1 1152 -1 1
464 -1 -1 -1 -1 -1
465 -1 -1 -1 -1 -1
466 -1 -1 -1 -1 -1
467 -1 -1 864 -1 1
468 -1 -1 1176 -1 1
469 -1 -1 1776 -1 1
470 -1 -1 288 -1 1
471 -1 -1 1464 -1 1
472 -1 -1 288 -1 1
473 -1 -1 312 -1 1
474 -1 -1 288 -1 1
475 -1 -1 288 -1 1
476 -1 -1 288 -1 1
477 -1 -1 288 -1 1
478 -1 -1 312 -1 1
479 -1 -1 1152 -1 1
480 -1 -1 5592 -1 0.999999
481 -1 -1 0 -1 -nan
482 -1 -1 888 -1 1
483 -1 -1 -1 -1 -1
484 -1 -1 -1 -1 -1
485 -1 -1 288 -1 1
486 -1 -1 8328 -1 1
487 -1 -1 7893 -1 0.999999
488 -1 -1 288 -1 1
489 -1 -1 -1 -1 -1
490 -1 -1 288 -1 1
491 -1 -1 1512 -1 1
492 -1 -1 0 -1 -nan
493 -1 -1 1440 -1 1
494 -1 -1 8448 -1 1
495 -1 -1 4272 -1 1
496 -1 -1 -1 -1 -1
497 -1 -1 7800 -1 1
498 -1 -1 288 -1 1
499 -1 -1 576 -1 1
500 -1 -1 1176 -1 1
501 -1 -1 1728 -1 1
502 -1 -1 4360 -1 1
503 -1 -1 -1 -1 -1
504 -1 -1 119 -1 -nan
505 -1 -1 1185 -1 0
506 -1 -1 1095 -1 -nan
507 -1 -1 521 -1 -nan
508 215600 33 1071 9 0
509 215600 65 2093 10 0
510 277200 42 1080 3 0
511 266000 50 2050 16 4.92857
512 -1 -1 1026 -1 -nan
513 260400 40 1040 4 0
514 -1 -1 0 -1 -nan
515 -1 -1 1072 -1 0
516 260400 651 1139 6 0
517 277200 3 325 0 -nan
518 -1 -1 -1 -1 -1
519 271600 13 711 1 0
520 266000 102 708 1 0
521 260400 120 707 0 -nan
522 -1 -1 380 -1 -nan
523 254800 507 1162 10 2.3
524 254800 568 1048 3 0
525 260400 373 1118 1 0
526 277200 747 1498 13 0
527 277200 623 1109 6 4.6
528 271600 334 662 4 0
529 254800 26 282 0 -nan
530 294000 30 0 0 -nan
531 260400 97 566 0 -nan
532 260400 434 751 0 -nan
533 -1 -1 3684 -1 0
534 277200 145 402 5 0
535 -1 -1 370 -1 0
536 266000 39 407 0 -nan
537 -1 -1 381 -1 -nan
538 254800 34 410 0 -nan
539 -1 -1 410 -1 0
540 254800 66 390 1 inf
541 -1 -1 356 -1 0
542 282800 33 373 1 0
543 -1 -1 381 -1 0
544 -1 -1 380 -1 0
545 -1 -1 386 -1 -nan
546 -1 -1 6257 -1 0
547 -1 -1 3468 -1 0
548 -1 -1 1163 -1 0
549 -1 -1 1222 -1 0
550 -1 -1 1941 -1 0
551 -1 -1 852 -1 0
552 282800 155 427 4 0
553 294000 188 417 4 0
554 299600 155 456 8 3.28571
555 277200 381 435 3 0
556 249200 589 442 6 0
557 238000 283 0 2 0
558 232400 893 0 3 11.5
559 -1 -1 -1 -1 -1
560 238000 1326 830 1 0
561 238000 362 424 0 -nan
562 238000 867 447 3 0
563 243600 1580 849 0 0
564 243600 621 450 2 0
565 249200 855 426 1 0
566 232400 1059 433 3 0
567 249200 1099 421 1 0
568 238000 2963 1831 7 0
569 238000 4664 1792 8 0
570 232400 21649 5376 76 0.907895
571 238000 14575 2544 47 2.5
572 238000 4007 970 8 0
573 238000 3777 930 12 0
574 238000 3464 480 17 0
575 243600 4136 434 5 4.6
576 215600 2008 894 3 0
577 232400 5865 899 16 4.05882
578 243600 23694 2706 65 1.04545
579 -1 -1 2636 -1 0
580 -1 -1 2971 -1 -nan
581 243600 3224 427 10 0
582 243600 20673 3192 64 0.333333
583 243600 14058 1698 51 1.38
584 238000 1040 505 3 0
585 -1 -1 463 -1 0
586 -1 -1 423 -1 -nan
587 243600 3381 885 13 0
588 243600 922 434 1 0
589 238000 3079 960 8 0
590 232400 3134 857 8 0
591 254800 1137 1451 2 0
592 232400 3621 897 12 1.76923
593 238000 3338 916 11 0
594 238000 2061 404 9 0
595 232400 2607 954 8 0
596 238000 9335 2316 40 0.547619
597 232400 3831 902 45 1
598 232400 4413 919 26 0.851852
599 238000 3684 862 10 3.28571
600 238000 4612 889 23 1
601 238000 2349 879 5 0
602 -1 -1 -1 -1 -1
603 232400 1889 869 5 4.6
604 232400 2344 889 3 0
605 232400 4048 917 15 0
606 232400 2145 922 21 0
607 -1 -1 -1 -1 -1
608 238000 4332 1322 44 0.5
609 238000 3016 851 49 1.46809
610 238000 4289 845 33 0.71875
611 232400 4979 949 39 1.24324
612 277200 2510 1451 23 0
613 260400 643 434 8 0
614 277200 549 443 6 4.6
615 277200 1539 1325 11 1.76923
616 277200 2286 1417 31 0.766667
617 -1 -1 4028 -1 1.30189
618 -1 -1 5362 -1 0.410714
619 -1 -1 883 -1 0
620 -1 -1 456 -1 0
621 -1 -1 436 -1 0
622 -1 -1 469 -1 0
623 -1 -1 439 -1 0
624 -1 -1 -1 -1 -1
625 -1 -1 863 -1 0
626 -1 -1 475 -1 11.5
627 -1 -1 453 -1 0
628 -1 -1 840 -1 0
629 -1 -1 -1 -1 -1
630 -1 -1 897 -1 0
631 -1 -1 1241 -1 0
632 -1 -1 880 -1 0
633 -1 -1 885 -1 0
634 -1 -1 457 -1 0
635 -1 -1 413 -1 0
636 -1 -1 846 -1 2.55556
637 -1 -1 414 -1 -nan
638 -1 -1 1220 -1 0
639 -1 -1 0 -1 -nan
640 -1 -1 134 -1 -nan
641 -1 -1 770 -1 -nan
642 -1 -1 160 -1 -nan
643 -1 -1 1039 -1 -nan
644 -1 -1 -1 -1 -1
645 378000 38 2476 0 -nan
646 -1 -1 413 -1 -nan
647 -1 -1 -1 -1 -1
648 -1 -1 -1 -1 -1
649 -1 -1 -1 -1 -1
650 -1 -1 0 -1 -nan
651 -1 -1 361 -1 -nan
652 -1 -1 128 -1 -nan
653 -1 -1 52 -1 -nan
654 -1 -1 50 -1 -nan
655 -1 -1 51 -1 -nan
656 -1 -1 38 -1 -nan
657 -1 -1 52 -1 -nan
658 -1 -1 56 -1 -nan
659 -1 -1 44 -1 -nan
660 -1 -1 0 -1 -nan
661 -1 -1 146 -1 -nan
662 -1 -1 -1 -1 -1
663 -1 -1 -1 -1 -1
664 -1 -1 85 -1 -nan
665 -1 -1 118 -1 -nan
666 -1 -1 145 -1 -nan
667 -1 -1 134 -1 -nan
668 -1 -1 1510 -1 0
669 -1 -1 5205 -1 1.76923
670 -1 -1 -1 -1 -1
671 -1 -1 -1 -1 -1
672 -1 -1 -1 -1 -1
673 -1 -1 1049 -1 0
674 -1 -1 -1 -1 -1
675 -1 -1 -1 -1 -1
676 -1 -1 1080 -1 0
677 -1 -1 1041 -1 0
678 -1 -1 522 -1 5.75
679 -1 -1 542 -1 5.75
680 -1 -1 569 -1 0
681 -1 -1 -1 -1 -1
682 -1 -1 564 -1 -nan
683 -1 -1 529 -1 0
684 -1 -1 519 -1 0
685 -1 -1 521 -1 0
686 -1 -1 522 -1 0
687 -1 -1 561 -1 0
688 -1 -1 563 -1 0
689 -1 -1 522 -1 0
690 -1 -1 527 -1 0
691 -1 -1 -1 -1 -1
692 -1 -1 564 -1 0
693 -1 -1 704 -1 -nan
694 -1 -1 334 -1 -nan
695 -1 -1 670 -1 0
696 -1 -1 -1 -1 -1
697 -1 -1 632 -1 -nan
698 -1 -1 0 -1 -nan
699 271600 60 1701 1 0
700 198800 9035 2861 69 0.613333
701 -1 -1 -1 -1 -1
702 204400 37798 8693 983 1.65328
703 204400 50621 11291 1343 1.17186
704 204400 59549 11309 1555 1.39855
705 198800 45738 9393 1106 1.21165
706 204400 28746 5418 584 0.907376
707 204400 2829 1109 70 1.94366
708 198800 6329 562 37 1.24324
709 198800 4827 549 22 1.04545
710 198800 3998 526 18 0
711 198800 6735 1122 50 0.45098
712 198800 7460 1113 49 0.938776
713 198800 25924 2685 121 2.12605
714 198800 8918 2167 48 0.92
715 198800 7792 1561 40 1.15
716 -1 -1 -1 -1 -1
717 -1 -1 502 -1 -nan
718 -1 -1 6629 -1 0
719 -1 -1 0 -1 -nan
720 -1 -1 -1 -1 -1
721 -1 -1 0 -1 -nan
722 -1 -1 0 -1 -nan
723 -1 -1 9841 -1 -nan
724 -1 -1 10499 -1 -nan
725 -1 -1 10568 -1 -nan
726 -1 -1 -1 -1 -1
727 -1 -1 10949 -1 -nan
728 -1 -1 2883 -1 -nan
729 -1 -1 0 -1 -nan
730 -1 -1 -1 -1 -1
731 -1 -1 -1 -1 -1
732 -1 -1 -1 -1 -1
733 -1 -1 0 -1 -nan
734 -1 -1 0 -1 -nan
735 -1 -1 -1 -1 -1
736 -1 -1 0 -1 -nan
737 -1 -1 0 -1 -nan
738 -1 -1 0 -1 -nan
739 -1 -1 0 -1 -nan
740 -1 -1 0 -1 -nan
741 -1 -1 0 -1 -nan
742 -1 -1 0 -1 -nan
743 -1 -1 0 -1 -nan
744 -1 -1 288 -1 1
745 -1 -1 0 -1 -nan
746 -1 -1 3792 -1 1
747 -1 -1 -1 -1 -1
748 -1 -1 -1 -1 -1
749 -1 -1 576 -1 1
750 -1 -1 576 -1 1
751 -1 -1 623 -1 1
752 -1 -1 576 -1 1
753 -1 -1 576 -1 1
754 -1 -1 576 -1 1
755 -1 -1 576 -1 1
756 -1 -1 -1 -1 -1
757 -1 -1 288 -1 1
758 -1 -1 3225 -1 0.999979
759 198800 2300 491 18 1.21053
760 193200 7133 471 47 2.67442
761 193200 3518 541 43 1.04545
762 193200 3175 513 45 0.958333
763 -1 -1 470 -1 1.7037
764 -1 -1 508 -1 0
765 193200 633 485 1 0
766 193200 845 0 0 -nan
767 193200 4332 466 8 0
768 187600 7389 472 37 1.24324
769 187600 2153 455 4 0
770 187600 4959 421 11 2.3
771 187600 7688 514 18 0
772 187600 3232 476 14 1.4375
773 -1 -1 473 -1 -nan
774 187600 7836 491 25 1.91667
775 193200 6819 898 43 0.522727
776 193200 3749 918 21 0
777 193200 2855 876 6 0
778 193200 975 844 8 0
779 -1 -1 0 -1 -nan
780 -1 -1 0 -1 -nan
781 -1 -1 0 -1 -nan
782 -1 -1 465 -1 1.64286
783 -1 -1 0 -1 -nan
784 -1 -1 0 -1 -nan
785 -1 -1 -1 -1 -1
786 -1 -1 0 -1 -nan
787 -1 -1 0 -1 -nan
788 -1 -1 930 -1 1.53333
789 -1 -1 -1 -1 -1
790 -1 -1 0 -1 -nan
791 198800 708 1209 14 0
792 -1 -1 -1 -1 -1
793 -1 -1 0 -1 -nan
794 198800 1025 827 25 0
795 198800 337 1538 18 0
796 -1 -1 0 -1 -nan
797 -1 -1 0 -1 -nan
798 -1 -1 -1 -1 -1
799 -1 -1 -1 -1 -1
800 -1 -1 0 -1 -nan
801 -1 -1 0 -1 -nan
802 -1 -1 1875 -1 0
803 -1 -1 14895 -1 0.37355
804 -1 -1 624 -1 -nan
805 -1 -1 6703 -1 0.547619
806 -1 -1 0 -1 -nan
807 -1 -1 0 -1 -nan
808 193200 113465 24957 1774 1.0254
809 193200 122524 24148 1803 0.947661
810 193200 2633 600 39 0.605263
811 193200 66924 12605 873 1.00807
812 187600 1403 5039 26 0
813 187600 9712 2375 119 0.552
814 187600 7495 1787 79 0.575
815 -1 -1 -1 -1 -1
816 193200 7985 1816 126 1.33058
817 193200 7441 1857 123 1.34167
818 193200 5595 559 75 0.597403
819 193200 6843 1238 85 0.258427
820 -1 -1 0 -1 -nan
821 193200 5754 1207 64 0.71875
822 193200 3381 4786 42 0.547619
823 -1 -1 513 -1 -nan
824 -1 -1 1094 -1 -nan
825 -1 -1 1592 -1 -nan
826 -1 -1 4248 -1 -nan
827 -1 -1 -1 -1 -1
828 -1 -1 878 -1 -nan
829 193200 4111 917 63 0
830 -1 -1 -1 -1 -1
831 193200 48579 6877 843 0.739286
832 238000 248 4746 13 1.91667
833 243600 110871 15714 2516 0.817447
834 -1 -1 2574 -1 0.760331
835 -1 -1 0 -1 -nan
836 -1 -1 2876 -1 0.436019
837 -1 -1 1992 -1 0.280488
838 -1 -1 1789 -1 0.621622
839 -1 -1 1964 -1 23
840 -1 -1 454 -1 -nan
841 -1 -1 -1 -1 -1
842 -1 -1 1437 -1 -nan
843 -1 -1 457 -1 -nan
844 -1 -1 2023 -1 0.169118
845 -1 -1 1908 -1 0.92
846 -1 -1 1884 -1 4.18182
847 -1 -1 921 -1 0
848 -1 -1 2139 -1 -nan
849 -1 -1 0 -1 -nan
850 -1 -1 0 -1 -nan
851 -1 -1 0 -1 -nan
852 -1 -1 0 -1 -nan
853 -1 -1 0 -1 -nan
854 -1 -1 0 -1 -nan
855 -1 -1 0 -1 -nan
856 -1 -1 0 -1 -nan
857 -1 -1 0 -1 -nan
858 -1 -1 0 -1 -nan
859 -1 -1 0 -1 -nan
860 -1 -1 0 -1 -nan
861 -1 -1 0 -1 -nan
862 -1 -1 0 -1 -nan
863 -1 -1 0 -1 -nan
864 -1 -1 0 -1 -nan
865 -1 -1 0 -1 -nan
866 -1 -1 0 -1 0
867 -1 -1 0 -1 -nan
868 -1 -1 0 -1 0
869 -1 -1 0 -1 -nan
870 -1 -1 0 -1 -nan
871 -1 -1 0 -1 -nan
872 -1 -1 0 -1 -nan
873 -1 -1 0 -1 -nan
874 -1 -1 0 -1 -nan
875 -1 -1 0 -1 -nan
876 -1 -1 0 -1 -nan
877 -1 -1 -1 -1 -1
878 -1 -1 0 -1 -nan
879 -1 -1 0 -1 -nan
880 -1 -1 0 -1 -nan
881 -1 -1 0 -1 -nan
882 -1 -1 941 -1 0.98563
883 -1 -1 891 -1 1
884 -1 -1 864 -1 1
885 -1 -1 864 -1 1
886 -1 -1 864 -1 1
887 -1 -1 912 -1 1
888 -1 -1 864 -1 1
889 -1 -1 892 -1 1
890 -1 -1 15005 -1 1
891 -1 -1 1158 -1 1
892 -1 -1 1160 -1 1
893 -1 -1 288 -1 1
894 -1 -1 288 -1 1
895 -1 -1 288 -1 1
896 -1 -1 288 -1 1
897 -1 -1 312 -1 1
898 -1 -1 288 -1 1
899 -1 -1 313 -1 1
900 -1 -1 315 -1 1
901 -1 -1 288 -1 1
902 -1 -1 288 -1 1
903 -1 -1 288 -1 1
904 -1 -1 288 -1 1
905 -1 -1 0 -1 1
906 -1 -1 315 -1 1
907 -1 -1 13194 -1 0.985452
908 -1 -1 12024 -1 0.999697
909 -1 -1 312 -1 0.999838
910 -1 -1 288 -1 0.999608
911 -1 -1 288 -1 0.999716
912 -1 -1 288 -1 0.999831
913 -1 -1 288 -1 0.999742
914 -1 -1 312 -1 0.999752
915 -1 -1 288 -1 0.999688
916 -1 -1 11844 -1 0.992857
917 -1 -1 290 -1 0.992227
918 -1 -1 288 -1 0.992084
919 -1 -1 288 -1 0.991769
920 -1 -1 288 -1 0.991352
921 -1 -1 288 -1 0.992433
922 -1 -1 312 -1 0.992122
923 -1 -1 289 -1 0.992278
924 -1 -1 4413 -1 0.991965
925 -1 -1 5214 -1 1.00036
926 -1 -1 288 -1 0.999977
927 -1 -1 4056 -1 0.999037
928 -1 -1 288 -1 0.999022
929 -1 -1 312 -1 0.998998
930 -1 -1 312 -1 0.998828
931 -1 -1 288 -1 0.998896
932 -1 -1 312 -1 0.999503
933 -1 -1 288 -1 0.999231
934 -1 -1 288 -1 0.998921
935 -1 -1 11377 -1 0.989363
936 -1 -1 288 -1 0.982585
937 -1 -1 288 -1 0.992235
938 -1 -1 288 -1 0.994517
939 -1 -1 288 -1 0.993869
940 -1 -1 288 -1 0.994695
941 -1 -1 312 -1 0.994332
942 -1 -1 288 -1 0.982573
943 -1 -1 12865 -1 0.983698
944 -1 -1 10896 -1 0.999817
945 -1 -1 288 -1 0.999801
946 -1 -1 312 -1 0.999854
947 -1 -1 288 -1 0.999901
948 -1 -1 288 -1 0.999901
949 -1 -1 288 -1 0.999968
950 -1 -1 288 -1 0.999837
951 -1 -1 288 -1 0.999735
952 -1 -1 4656 -1 0.999338
953 -1 -1 312 -1 0.999275
954 -1 -1 288 -1 0.999854
955 -1 -1 312 -1 0.999853
956 -1 -1 288 -1 0.999669
957 -1 -1 288 -1 0.99967
958 -1 -1 288 -1 1
959 -1 -1 288 -1 0.9991
960 -1 -1 4178 -1 0.998885
961 -1 -1 288 -1 0.999907
962 -1 -1 312 -1 0.999733
963 -1 -1 288 -1 0.999905
964 -1 -1 288 -1 0.999724
965 -1 -1 288 -1 0.99991
966 -1 -1 0 -1 0.99963
967 -1 -1 288 -1 0.999868
968 -1 -1 2880 -1 0.999741
969 -1 -1 312 -1 0.999589
970 -1 -1 288 -1 0.999729
971 -1 -1 288 -1 0.999695
972 -1 -1 288 -1 0.999858
973 -1 -1 288 -1 0.999819
974 -1 -1 288 -1 0.99976
975 -1 -1 288 -1 0.999531
976 -1 -1 0 -1 0
977 -1 -1 0 -1 -nan
978 -1 -1 0 -1 -nan
979 -1 -1 0 -1 -nan
980 -1 -1 0 -1 0
981 -1 -1 -1 -1 -1
982 -1 -1 -1 -1 -1
983 -1 -1 0 -1 -nan
984 -1 -1 0 -1 -nan
985 -1 -1 0 -1 0
986 -1 -1 0 -1 0
987 -1 -1 0 -1 -nan
988 -1 -1 0 -1 0
989 -1 -1 -1 -1 -1
990 -1 -1 299 -1 1.04545
991 -1 -1 -1 -1 -1
992 -1 -1 0 -1 -nan
993 -1 -1 298 -1 1.04538
994 -1 -1 161 -1 1.04545
995 -1 -1 161 -1 1.04545
996 -1 -1 299 -1 1.04545
997 -1 -1 161 -1 1.04545
998 -1 -1 138 -1 1.04468
999 -1 -1 138 -1 1.04501
1000 -1 -1 138 -1 1.04545
1001 -1 -1 138 -1 1.04545
1002 -1 -1 161 -1 1.04528
1003 -1 -1 -1 -1 -1
1004 -1 -1 161 -1 1.04545
1005 -1 -1 161 -1 1.04545
1006 -1 -1 0 -1 1.03871
1007 -1 -1 161 -1 1.04545
1008 -1 -1 3128 -1 1.04535
1009 -1 -1 7152 -1 1.04535
1010 -1 -1 7406 -1 1.04536
1011 -1 -1 7245 -1 1.04536
1012 -1 -1 -1 -1 -1
1013 -1 -1 -1 -1 -1
1014 -1 -1 -1 -1 -1
1015 -1 -1 437 -1 1.04529
1016 -1 -1 299 -1 1.04545
1017 -1 -1 138 -1 1.04545
1018 -1 -1 -1 -1 -1
1019 -1 -1 -1 -1 -1
1020 -1 -1 -1 -1 -1
1021 -1 -1 0 -1 -nan
1022 -1 -1 0 -1 -nan
1023 -1 -1 0 -1 -nan
1024 -1 -1 0 -1 -nan
1025 -1 -1 600 -1 0.999771
1026 -1 -1 600 -1 1
1027 -1 -1 144 -1 1
1028 -1 -1 -1 -1 -1
1029 -1 -1 138 -1 1.04545
1030 -1 -1 0 -1 -nan
1031 -1 -1 0 -1 -nan
1032 -1 -1 0 -1 -nan
1033 -1 -1 0 -1 0
1034 -1 -1 0 -1 -nan
1035 -1 -1 0 -1 -nan
1036 -1 -1 0 -1 -nan
1037 -1 -1 0 -1 -nan
1038 -1 -1 -1 -1 -1
1039 -1 -1 -1 -1 -1
1040 -1 -1 -1 -1 -1
1041 -1 -1 0 -1 -nan
1042 -1 -1 1025 -1 -nan
1043 -1 -1 333 -1 -nan
1044 -1 -1 366 -1 -nan
1045 -1 -1 368 -1 -nan
1046 -1 -1 2935 -1 -nan
1047 -1 -1 371 -1 -nan
1048 -1 -1 1439 -1 -nan
1049 -1 -1 415 -1 -nan
1050 -1 -1 3785 -1 0
1051 232400 87 4475 0 0
1052 -1 -1 466 -1 -nan
1053 -1 -1 2965 -1 0
1054 -1 -1 841 -1 -nan
1055 -1 -1 417 -1 -nan
1056 -1 -1 0 -1 -nan
1057 -1 -1 447 -1 -nan
1058 -1 -1 13206 -1 0
1059 -1 -1 1194 -1 0
1060 -1 -1 4887 -1 0
1061 -1 -1 402 -1 -nan
1062 -1 -1 427 -1 -nan
1063 -1 -1 385 -1 -nan
1064 -1 -1 460 -1 -nan
1065 -1 -1 3210 -1 -nan
1066 -1 -1 0 -1 -nan
1067 -1 -1 0 -1 0
1068 -1 -1 906 -1 0
1069 -1 -1 460 -1 -nan
1070 -1 -1 2551 -1 0.999749
1071 -1 -1 499 -1 1
1072 -1 -1 556 -1 1
1073 -1 -1 479 -1 0.999024
1074 -1 -1 570 -1 0.999658
1075 -1 -1 633 -1 1
1076 -1 -1 399 -1 -nan
1077 -1 -1 454 -1 -nan
1078 260400 18541 5425 845 1.44994
1079 -1 -1 554 -1 1
1080 -1 -1 0 -1 -nan
1081 254800 3356 443 126 1.09948
1082 -1 -1 516 -1 0.958333
1083 -1 -1 470 -1 0.962791
1084 316400 2899 1051 1166 1.04134
1085 254800 1486 448 46 1.13115
1086 -1 -1 0 -1 -nan
1087 254800 1753 976 83 3.02632
1088 260400 1173 443 53 0.851852
1089 -1 -1 0 -1 -nan
1090 254800 827 479 32 1.48387
1091 254800 2762 921 93 0.766667
1092 254800 4797 979 102 1.36634
1093 254800 6308 965 68 1.01471
1094 254800 10407 1418 47 1.80392
1095 288400 351 1014 39 3.28571
1096 310800 321 959 58 0.403509
1097 254800 2634 1007 113 1.06481
1098 254800 7036 976 178 2.00581
1099 254800 9493 965 144 1.12587
1100 254800 1658 0 48 1
1101 254800 4104 944 106 1.80392
1102 254800 11109 963 151 0.448052
1103 254800 9376 920 165 1.73585
1104 254800 9919 916 207 1.45854
1105 254800 91189 15014 1985 1.52215
1106 254800 52671 7806 1231 1.5205
1107 254800 20171 4360 485 1.72747
1108 -1 -1 2254 -1 1.21053
1109 -1 -1 0 -1 -nan
1110 -1 -1 1264 -1 1.31429
1111 -1 -1 0 -1 3.83333
1112 -1 -1 0 -1 -nan
1113 -1 -1 -1 -1 -1
1114 -1 -1 0 -1 -nan
1115 -1 -1 48 -1 0.995192
1116 -1 -1 48 -1 1
1117 -1 -1 -1 -1 -1
1118 -1 -1 -1 -1 -1
1119 -1 -1 0 -1 -nan
1120 -1 -1 -1 -1 -1
1121 243600 1464 0 0 1
1122 -1 -1 96 -1 1
1123 -1 -1 360 -1 0.999916
1124 -1 -1 2353 -1 0.999987
1125 -1 -1 2256 -1 0.99996
1126 -1 -1 1874 -1 1
1127 -1 -1 48 -1 1
1128 -1 -1 2352 -1 0.999961
1129 -1 -1 480 -1 1
1130 -1 -1 0 -1 -nan
1131 260400 7138 1537 220 1.16055
1132 260400 4036 981 139 1.96124
1133 260400 3616 1446 102 2.17895
1134 260400 594 976 15 0
1135 260400 679 1292 15 3.28571
1136 254800 623 1487 12 7.66667
1137 260400 2008 461 54 2.70588
1138 254800 1080 852 22 2.19048
1139 260400 4932 1914 145 1.48921
1140 -1 -1 924 -1 1.81579
1141 -1 -1 6224 -1 1.00291
1142 260400 56830 8659 1722 1.45988
1143 260400 56047 5940 1647 1.29038
1144 249200 17688 6869 494 1.2381
1145 249200 1894 1396 60 1.16949
1146 -1 -1 0 -1 0
1147 -1 -1 0 -1 -nan
1148 260400 9334 3158 236 1.50655
1149 -1 -1 -1 -1 -1
1150 -1 -1 -1 -1 -1
1151 -1 -1 0 -1 -nan
1152 -1 -1 0 -1 -nan
1153 -1 -1 0 -1 -nan
1154 -1 -1 0 -1 0
1155 -1 -1 0 -1 -nan
1156 -1 -1 0 -1 -nan
1157 254800 2796 1482 83 1.76923
1158 254800 219298 10815 6601 1.45324
1159 243600 752 544 25 0
1160 260400 383019 14130 11434 1.20491
1161 -1 -1 -1 -1 -1
1162 260400 6952 545 209 1.00485
1163 254800 100426 7729 2586 1.31532
1164 -1 -1 533 -1 -nan
1165 249200 126093 9230 3233 1.27136
1166 260400 182832 6678 5434 1.30083
1167 249200 20177 937 510 1.81579
1168 249200 22837 959 618 1.65385
1169 -1 -1 -1 -1 -1
1170 -1 -1 -1 -1 -1
1171 254800 21414 1575 638 1.58621
1172 243600 2727 1347 70 0.657143
1173 -1 -1 0 -1 -nan
1174 254800 52760 3809 1739 1.4409
1175 254800 270466 13229 10490 1.20567
1176 -1 -1 -1 -1 -1
1177 -1 -1 -1 -1 -1
1178 -1 -1 -1 -1 -1
1179 -1 -1 -1 -1 -1
1180 254800 22366 677 857 1.25151
1181 -1 -1 -1 -1 -1
1182 -1 -1 0 -1 -nan
1183 -1 -1 -1 -1 -1
1184 254800 4691 635 164 1.00625
1185 254800 22950 1347 818 1.26658
1186 254800 242891 9011 9042 1.2367
1187 254800 65043 4051 2184 1.26457
1188 254800 44976 2623 1474 1.29375
1189 254800 105510 5465 3493 1.28409
1190 -1 -1 0 -1 -nan
1191 -1 -1 -1 -1 -1
1192 -1 -1 -1 -1 -1
1193 -1 -1 0 -1 -nan
1194 -1 -1 0 -1 -nan
1195 -1 -1 0 -1 -nan
1196 -1 -1 0 -1 -nan
1197 -1 -1 0 -1 0
1198 -1 -1 4608 -1 1
1199 -1 -1 0 -1 -nan
1200 -1 -1 0 -1 -nan
1201 -1 -1 0 -1 -nan
1202 -1 -1 576 -1 1
1203 -1 -1 576 -1 1
1204 -1 -1 576 -1 1
1205 -1 -1 600 -1 1
1206 -1 -1 576 -1 1
1207 -1 -1 600 -1 1
1208 -1 -1 288 -1 1
1209 -1 -1 576 -1 1
1210 -1 -1 576 -1 1
1211 -1 -1 600 -1 1
1212 -1 -1 576 -1 1
1213 -1 -1 576 -1 1
1214 -1 -1 576 -1 1
1215 -1 -1 14544 -1 1
1216 -1 -1 576 -1 1
1217 -1 -1 576 -1 1
1218 -1 -1 600 -1 1
1219 -1 -1 576 -1 1
1220 -1 -1 576 -1 1
1221 -1 -1 600 -1 1
1222 -1 -1 576 -1 0.999908
1223 -1 -1 624 -1 1
1224 -1 -1 600 -1 1
1225 -1 -1 600 -1 1
1226 -1 -1 600 -1 1
1227 -1 -1 312 -1 1
1228 -1 -1 600 -1 1
1229 -1 -1 576 -1 1
1230 -1 -1 576 -1 1
1231 -1 -1 599 -1 1
1232 -1 -1 600 -1 1
1233 -1 -1 576 -1 1
1234 -1 -1 576 -1 1
1235 -1 -1 576 -1 1
1236 -1 -1 576 -1 1
1237 -1 -1 0 -1 0
1238 -1 -1 0 -1 -nan
1239 -1 -1 -1 -1 -1
1240 -1 -1 -1 -1 -1
1241 -1 -1 0 -1 -nan
1242 -1 -1 0 -1 0
1243 -1 -1 0 -1 0
1244 -1 -1 -1 -1 -1
1245 -1 -1 -1 -1 -1
1246 -1 -1 -1 -1 -1
1247 -1 -1 0 -1 0
1248 -1 -1 0 -1 0
1249 -1 -1 0 -1 -nan
1250 -1 -1 0 -1 -nan
1251 -1 -1 0 -1 -nan
1252 -1 -1 1757 -1 0.999992
1253 -1 -1 890 -1 1
1254 -1 -1 888 -1 0.999991
1255 -1 -1 864 -1 1
1256 -1 -1 912 -1 1
1257 -1 -1 888 -1 0.999991
1258 -1 -1 888 -1 1
1259 -1 -1 893 -1 1
1260 -1 -1 0 -1 0
1261 -1 -1 864 -1 0.99999
1262 -1 -1 576 -1 0.999985
1263 -1 -1 864 -1 1
1264 -1 -1 864 -1 0.999981
1265 -1 -1 888 -1 1
1266 -1 -1 888 -1 1
1267 -1 -1 0 -1 1
1268 -1 -1 0 -1 7.66667
1269 -1 -1 0 -1 0
1270 -1 -1 0 -1 0
1271 -1 -1 0 -1 -nan
1272 -1 -1 0 -1 0
1273 -1 -1 464 -1 -nan
1274 -1 -1 1113 -1 0
1275 -1 -1 6830 -1 0.807018
1276 -1 -1 -1 -1 -1
1277 -1 -1 -1 -1 -1
1278 -1 -1 1281 -1 1.54808
1279 -1 -1 2134 -1 0.832869
1280 -1 -1 2939 -1 1.18966
1281 -1 -1 3037 -1 0.383333
1282 -1 -1 830 -1 0.377049
1283 -1 -1 2825 -1 1.2008
1284 -1 -1 2254 -1 0.741935
1285 266000 2285 684 46 0.511111
1286 266000 13708 720 278 1.46992
1287 254800 10746 852 290 1.33818
1288 249200 9596 735 240 0.982906
1289 249200 8138 739 121 1.78448
1290 254800 4218 1416 108 2.0495
1291 243600 2723 1464 78 0.589744
1292 249200 652 1470 18 0
1293 243600 1227 1425 41 0.575
1294 249200 3544 1395 91 0.758242
1295 254800 4070 1415 90 1.62353
1296 254800 5963 1422 154 0.302632
1297 254800 8094 694 173 2.14286
1298 254800 12018 1575 258 0.626459
1299 260400 13511 1475 343 1.12195
1300 266000 17842 1436 381 0.795213
1301 266000 15734 1553 423 1.01471
1302 254800 11047 1364 293 1.47331
1303 249200 7383 0 190 1.74054
1304 266000 6449 1408 154 1.90345
1305 254800 3009 1501 71 1.01471
1306 -1 -1 -1 -1 -1
1307 243600 1783 1394 36 0
1308 249200 355 1449 10 2.55556
1309 -1 -1 614 -1 -nan
1310 -1 -1 0 -1 -nan
1311 254800 13681 1541 324 1.48387
1312 254800 20185 1400 438 1.46809
1313 254800 9131 674 239 0.786325
1314 254800 9720 775 229 1.45045
1315 254800 25371 2861 501 0.740443
1316 260400 12433 695 272 1.2197
1317 260400 13534 1462 304 0.926174
1318 254800 15347 735 366 1.59538
1319 260400 14916 738 321 1.18328
1320 254800 13853 691 281 1.01099
1321 260400 17679 734 350 1.34111
1322 249200 10800 2037 182 1.02793
1323 249200 3012 718 57 1.73585
1324 249200 864 593 31 0.766667
1325 -1 -1 688 -1 11.5
1326 254800 4844 1360 117 1.45045
1327 254800 183430 14143 5373 1.21471
1328 -1 -1 0 -1 0
1329 -1 -1 0 -1 0
1330 -1 -1 0 -1 0
1331 -1 -1 0 -1 0
1332 -1 -1 0 -1 -nan
1333 -1 -1 0 -1 -nan
1334 -1 -1 0 -1 0
1335 -1 -1 0 -1 -nan
1336 -1 -1 0 -1 -nan
1337 -1 -1 0 -1 -nan
1338 -1 -1 0 -1 -nan
1339 -1 -1 0 -1 -nan
1340 -1 -1 0 -1 -nan
1341 -1 -1 0 -1 -nan
1342 -1 -1 561 -1 0
1343 -1 -1 136 -1 -nan
1344 260400 41987 7566 740 1.35865
1345 -1 -1 0 -1 -nan
1346 260400 50591 1922 949 1.125
1347 260400 4910 653 81 1.79221
1348 383600 105347 3896 2111 1.26275
1349 378000 43781 1989 908 1.2411
1350 378000 14874 1412 381 1.26027
1351 366800 13365 695 326 1.16825
1352 366800 13075 668 294 1.66667
1353 366800 16481 678 365 1.18625
1354 366800 24644 1307 537 1.01341
1355 378000 16299 700 282 0.66426
1356 366800 39162 2002 822 1.25508
1357 361200 22969 1334 491 1.22081
1358 361200 11291 1257 275 0.858209
1359 361200 19814 1322 431 1.1165
1360 -1 -1 2092 -1 1.2743
1361 -1 -1 2512 -1 1.5258
1362 -1 -1 0 -1 -nan
1363 -1 -1 0 -1 -nan
1364 -1 -1 -1 -1 -1
1365 -1 -1 -1 -1 -1
1366 -1 -1 0 -1 -nan
1367 -1 -1 0 -1 -nan
1368 -1 -1 5363 -1 1.28656
1369 -1 -1 0 -1 -nan
1370 -1 -1 -1 -1 -1
1371 -1 -1 6619 -1 0.837379
1372 -1 -1 2005 -1 1.21897
1373 -1 -1 7387 -1 1.18425
1374 -1 -1 2601 -1 0.766667
1375 -1 -1 1563 -1 -nan
1376 -1 -1 1477 -1 -nan
1377 -1 -1 980 -1 -nan
1378 -1 -1 -1 -1 -1
1379 -1 -1 0 -1 -nan
1380 -1 -1 2875 -1 0
1381 -1 -1 7705 -1 1.06601
1382 -1 -1 10437 -1 1.30335
1383 -1 -1 -1 -1 -1
1384 378000 22913 1496 487 1.44372
1385 -1 -1 0 -1 -nan
1386 -1 -1 0 -1 -nan
1387 383600 367563 13634 6696 1.15195
1388 -1 -1 -1 -1 -1
1389 -1 -1 0 -1 -nan
1390 -1 -1 0 -1 -nan
1391 383600 55620 2877 1003 0.842319
1392 383600 3446 1020 79 0.907895
1393 378000 165183 9246 3608 1.13483
1394 389200 4645 839 155 1.22667
1395 -1 -1 6438 -1 0.951575
1396 -1 -1 9904 -1 1.04122
1397 529200 2877 1663 648 1.3928
1398 529200 5699 2768 1198 1.25418
1399 534800 5432 3627 1524 1.27248
1400 -1 -1 -1 -1 -1
1401 -1 -1 -1 -1 -1
1402 529200 2427 1869 358 0.866667
1403 -1 -1 -1 -1 -1
1404 529200 8049 2909 1391 1.18038
1405 540400 1481 1939 1060 1.18651
1406 529200 8677 2940 1231 1.29744
1407 529200 4927 2751 1351 1.0876
1408 529200 6782 3969 1878 0.889994
1409 529200 30144 18140 7168 1.1463
1410 -1 -1 -1 -1 -1
1411 -1 -1 -1 -1 -1
1412 529200 13318 10014 2662 1.3336
1413 529200 10141 6700 2125 1.20633
1414 529200 56642 21588 6787 1.16937
1415 -1 -1 0 -1 -nan
1416 -1 -1 1115 -1 0.971831
1417 -1 -1 0 -1 -nan
1418 -1 -1 4375 -1 1.00181
1419 -1 -1 1031 -1 0.784091
1420 -1 -1 1166 -1 0.403509
1421 -1 -1 13957 -1 0.975446
1422 534800 6607 8750 1320 1.24721
1423 -1 -1 0 -1 -nan
1424 534800 752 2638 203 1.31088
1425 -1 -1 0 -1 -nan
1426 -1 -1 -1 -1 -1
1427 534800 1206 3411 296 0.971831
1428 534800 1119 2027 290 0.992806
1429 534800 1000 1910 275 0.598513
1430 534800 1219 2146 184 1.60465
1431 534800 709 2173 129 1.12195
1432 534800 198 2190 62 1.16949
1433 534800 798 2182 256 1.12653
1434 534800 1197 2354 434 1.5258
1435 534800 2509 2267 520 1.01606
1436 -1 -1 -1 -1 -1
1437 529200 26512 7994 2776 1.34574
1438 484400 226615 8386 3027 1.19099
1439 490000 74126 7928 3314 1.19716
1440 -1 -1 -1 -1 -1
1441 540400 1473 2186 607 1.07069
1442 540400 3602 4328 1530 1.10274
1443 -1 -1 3263 -1 1.42701
1444 -1 -1 1073 -1 1.29144
1445 529200 8376 7006 1726 1.05875
1446 529200 19656 13777 3981 1.35043
1447 -1 -1 8177 -1 1.3155
1448 -1 -1 6678 -1 0.774737
1449 -1 -1 -1 -1 -1
1450 -1 -1 1200 -1 -nan
1451 -1 -1 -1 -1 -1
1452 -1 -1 1073 -1 -nan
1453 -1 -1 2327 -1 1.09524
1454 -1 -1 3734 -1 0.978723
1455 -1 -1 3020 -1 1.13964
1456 -1 -1 3102 -1 1.7977
1457 -1 -1 3096 -1 1.12406
1458 -1 -1 -1 -1 -1
1459 -1 -1 -1 -1 -1
1460 534800 103 791 44 1.06977
1461 534800 18231 11241 7890 1.15275
1462 534800 51189 38197 21698 1.16925
1463 534800 27346 14745 10525 1.11006
1464 534800 12254 6342 4705 1.24491
1465 -1 -1 -1 -1 -1
1466 -1 -1 -1 -1 -1
1467 534800 13315 9438 4867 1.25952
1468 -1 -1 1641 -1 -nan
1469 -1 -1 0 -1 -nan
1470 -1 -1 0 -1 -nan
1471 -1 -1 0 -1 -nan
1472 -1 -1 -1 -1 -1
1473 -1 -1 0 -1 -nan
1474 -1 -1 0 -1 -nan
1475 -1 -1 470 -1 -nan
1476 -1 -1 638 -1 -nan
1477 -1 -1 0 -1 -nan
1478 -1 -1 0 -1 -nan
1479 -1 -1 0 -1 -nan
1480 -1 -1 -1 -1 -1
1481 -1 -1 -1 -1 -1
1482 -1 -1 -1 -1 -1
1483 -1 -1 0 -1 -nan
1484 -1 -1 4025 -1 0
1485 -1 -1 -1 -1 -1
1486 -1 -1 -1 -1 -1
1487 529200 7678 3916 578 1.78889
1488 529200 47279 16656 3043 1.05224
1489 529200 29635 7733 1906 1.19857
1490 529200 12319 3044 798 0.958333
1491 -1 -1 -1 -1 -1
1492 529200 44064 11673 2755 1.27973
1493 523600 476 762 28 0.821429
1494 529200 86183 21892 5193 1.18257
1495 -1 -1 0 -1 -nan
1496 -1 -1 0 -1 -nan
1497 -1 -1 -1 -1 -1
1498 -1 -1 0 -1 -nan
1499 -1 -1 0 -1 -nan
1500 -1 -1 0 -1 0
1501 -1 -1 0 -1 -nan
1502 -1 -1 0 -1 -nan
1503 -1 -1 -1 -1 -1
1504 -1 -1 -1 -1 -1
1505 -1 -1 -1 -1 -1
1506 -1 -1 -1 -1 -1
1507 -1 -1 0 -1 -nan
1508 -1 -1 0 -1 0
1509 -1 -1 0 -1 -nan
1510 -1 -1 0 -1 -nan
1511 -1 -1 0 -1 -nan
1512 -1 -1 0 -1 -nan
1513 -1 -1 0 -1 0
1514 -1 -1 0 -1 0
1515 -1 -1 0 -1 0
1516 -1 -1 -1 -1 -1
1517 -1 -1 0 -1 -nan
1518 -1 -1 0 -1 -nan
1519 -1 -1 -1 -1 -1
1520 -1 -1 -1 -1 -1
1521 -1 -1 0 -1 0
1522 -1 -1 0 -1 0
1523 -1 -1 0 -1 -nan
1524 -1 -1 0 -1 -nan
1525 -1 -1 0 -1 -nan
1526 -1 -1 0 -1 -nan
1527 -1 -1 0 -1 -nan
1528 -1 -1 0 -1 0
1529 -1 -1 0 -1 -nan
1530 -1 -1 0 -1 -nan
1531 -1 -1 -1 -1 -1
1532 -1 -1 -1 -1 -1
1533 -1 -1 0 -1 -nan
1534 -1 -1 0 -1 -nan
1535 -1 -1 0 -1 0
1536 -1 -1 0 -1 0
1537 -1 -1 0 -1 -nan
1538 -1 -1 0 -1 -nan
1539 -1 -1 0 -1 -nan
1540 -1 -1 -1 -1 -1
1541 -1 -1 -1 -1 -1
1542 -1 -1 0 -1 -nan
1543 -1 -1 0 -1 -nan
1544 -1 -1 0 -1 -nan
1545 -1 -1 0 -1 -nan
1546 -1 -1 0 -1 -nan
1547 -1 -1 0 -1 -nan
1548 -1 -1 0 -1 -nan
1549 -1 -1 0 -1 -nan
1550 -1 -1 0 -1 -nan
1551 -1 -1 0 -1 -nan
1552 -1 -1 0 -1 -nan
1553 -1 -1 0 -1 -nan
1554 -1 -1 0 -1 -nan
1555 -1 -1 0 -1 -nan
1556 -1 -1 -1 -1 -1
1557 -1 -1 0 -1 -nan
1558 -1 -1 0 -1 -nan
1559 -1 -1 0 -1 -nan
1560 -1 -1 0 -1 -nan
1561 -1 -1 0 -1 -nan
1562 -1 -1 0 -1 -nan
1563 -1 -1 0 -1 -nan
1564 -1 -1 0 -1 -nan
1565 -1 -1 0 -1 -nan
1566 -1 -1 0 -1 -nan
1567 -1 -1 0 -1 -nan
1568 -1 -1 0 -1 -nan
1569 -1 -1 0 -1 -nan
1570 -1 -1 0 -1 -nan
1571 -1 -1 0 -1 -nan
1572 -1 -1 0 -1 -nan
1573 -1 -1 0 -1 -nan
1574 -1 -1 0 -1 -nan
1575 -1 -1 0 -1 -nan
1576 -1 -1 0 -1 -nan
1577 -1 -1 0 -1 -nan
1578 -1 -1 0 -1 -nan
1579 -1 -1 0 -1 -nan
1580 -1 -1 0 -1 -nan
1581 -1 -1 0 -1 -nan
1582 -1 -1 0 -1 -nan
1583 -1 -1 0 -1 -nan
1584 -1 -1 0 -1 -nan
1585 -1 -1 0 -1 -nan
1586 -1 -1 0 -1 -nan
1587 -1 -1 0 -1 -nan
1588 -1 -1 0 -1 -nan
1589 -1 -1 0 -1 0
1590 -1 -1 0 -1 0
1591 -1 -1 -1 -1 -1
1592 -1 -1 -1 -1 -1
1593 -1 -1 0 -1 0
1594 -1 -1 -1 -1 -1
1595 -1 -1 -1 -1 -1
1596 -1 -1 0 -1 0
1597 -1 -1 0 -1 0
1598 -1 -1 0 -1 0
1599 -1 -1 -1 -1 -1
1600 -1 -1 -1 -1 -1
1601 -1 -1 0 -1 -nan
1602 -1 -1 0 -1 -nan
1603 -1 -1 0 -1 -nan
1604 -1 -1 0 -1 -nan
1605 -1 -1 0 -1 -nan
1606 -1 -1 0 -1 -nan
1607 -1 -1 0 -1 -nan
1608 -1 -1 0 -1 -nan
1609 -1 -1 0 -1 -nan
1610 -1 -1 0 -1 -nan
1611 -1 -1 0 -1 -nan
1612 -1 -1 0 -1 -nan
1613 -1 -1 0 -1 0
1614 -1 -1 0 -1 0
1615 -1 -1 0 -1 0
1616 -1 -1 0 -1 0
1617 -1 -1 0 -1 0
1618 -1 -1 0 -1 -nan
1619 -1 -1 0 -1 0
1620 -1 -1 0 -1 -nan
1621 -1 -1 -1 -1 -1
1622 -1 -1 -1 -1 -1
1623 -1 -1 0 -1 -nan
1624 -1 -1 0 -1 -nan
1625 -1 -1 0 -1 -nan
1626 -1 -1 0 -1 -nan
1627 -1 -1 0 -1 -nan
1628 -1 -1 0 -1 -nan
1629 -1 -1 0 -1 -nan
1630 -1 -1 0 -1 -nan
1631 -1 -1 0 -1 -nan
1632 -1 -1 0 -1 -nan
1633 -1 -1 0 -1 -nan
1634 -1 -1 -1 -1 -1
1635 -1 -1 0 -1 -nan
1636 -1 -1 0 -1 -nan
1637 -1 -1 0 -1 -nan
1638 -1 -1 0 -1 -nan
1639 -1 -1 0 -1 -nan
1640 -1 -1 0 -1 0
1641 -1 -1 0 -1 -nan
1642 -1 -1 0 -1 -nan
1643 -1 -1 0 -1 -nan
1644 -1 -1 0 -1 -nan
1645 -1 -1 0 -1 -nan
1646 -1 -1 0 -1 0
1647 -1 -1 0 -1 0
1648 -1 -1 0 -1 -nan
1649 -1 -1 -1 -1 -1
1650 -1 -1 -1 -1 -1
1651 -1 -1 0 -1 -nan
1652 -1 -1 0 -1 -nan
1653 -1 -1 0 -1 -nan
1654 -1 -1 0 -1 -nan
1655 -1 -1 0 -1 -nan
1656 -1 -1 0 -1 -nan
1657 -1 -1 0 -1 -nan
1658 -1 -1 0 -1 -nan
1659 -1 -1 0 -1 -nan
1660 -1 -1 0 -1 -nan
1661 -1 -1 0 -1 -nan
1662 -1 -1 0 -1 -nan
1663 -1 -1 0 -1 0
1664 -1 -1 0 -1 -nan
1665 -1 -1 0 -1 -nan
1666 -1 -1 0 -1 -nan
1667 -1 -1 0 -1 -nan
1668 -1 -1 0 -1 -nan
1669 -1 -1 0 -1 -nan
1670 -1 -1 0 -1 -nan
1671 -1 -1 0 -1 -nan
1672 -1 -1 0 -1 -nan
1673 -1 -1 0 -1 -nan
1674 -1 -1 0 -1 -nan
1675 -1 -1 0 -1 -nan
1676 -1 -1 0 -1 -nan
1677 -1 -1 0 -1 -nan
1678 -1 -1 0 -1 -nan
1679 -1 -1 0 -1 -nan
1680 -1 -1 0 -1 -nan
1681 -1 -1 0 -1 -nan
1682 -1 -1 0 -1 -nan
1683 -1 -1 0 -1 0
1684 -1 -1 0 -1 -nan
1685 -1 -1 24 -1 1
1686 -1 -1 0 -1 -nan
1687 -1 -1 24 -1 1
1688 -1 -1 0 -1 -nan
1689 -1 -1 24 -1 1
1690 534800 449 4259 175 1.39394
1691 -1 -1 1465 -1 1.21053
1692 534800 151 0 68 0
1693 534800 4351 18761 1712 1.38057
1694 534800 3765 7906 1429 1.34294
1695 534800 3228 16067 993 1.44824
1696 529200 3900 17784 621 1.20643
1697 529200 1629 5951 254 0.844898
1698 -1 -1 -1 -1 -1
1699 -1 -1 -1 -1 -1
1700 529200 591 2995 111 1.08491
1701 -1 -1 1448 -1 0
1702 529200 4855 13212 845 1.16998
1703 -1 -1 0 -1 -nan
1704 -1 -1 24 -1 1
1705 -1 -1 0 -1 -nan
1706 -1 -1 1066 -1 0
1707 -1 -1 0 -1 -nan
1708 -1 -1 0 -1 -nan
1709 -1 -1 44 -1 -nan
1710 -1 -1 45 -1 -nan
1711 -1 -1 105 -1 -nan
1712 -1 -1 88 -1 -nan
1713 -1 -1 46 -1 -nan
1714 -1 -1 69 -1 -nan
1715 -1 -1 39 -1 -nan
1716 -1 -1 39 -1 -nan
1717 -1 -1 69 -1 -nan
1718 -1 -1 38 -1 -nan
1719 -1 -1 49 -1 -nan
1720 -1 -1 95 -1 -nan
1721 -1 -1 0 -1 -nan
1722 -1 -1 0 -1 -nan
1723 -1 -1 0 -1 -nan
1724 -1 -1 -1 -1 -1
1725 -1 -1 -1 -1 -1
1726 -1 -1 348 -1 0
1727 -1 -1 -1 -1 -1
1728 -1 -1 -1 -1 -1
1729 -1 -1 -1 -1 -1
1730 -1 -1 -1 -1 -1
1731 -1 -1 241 -1 -nan
1732 -1 -1 -1 -1 -1
1733 -1 -1 615 -1 -nan
1734 -1 -1 -1 -1 -1
1735 -1 -1 243 -1 -nan
1736 -1 -1 693 -1 -nan
1737 -1 -1 -1 -1 -1
1738 -1 -1 162 -1 -nan
1739 -1 -1 -1 -1 -1
1740 -1 -1 450 -1 -nan
1741 -1 -1 469 -1 -nan
1742 -1 -1 486 -1 -nan
1743 -1 -1 474 -1 -nan
1744 -1 -1 -1 -1 -1
1745 -1 -1 479 -1 -nan
1746 -1 -1 460 -1 -nan
1747 -1 -1 443 -1 -nan
1748 -1 -1 379 -1 -nan
1749 -1 -1 526 -1 -nan
1750 540400 54 30984 3 0
1751 -1 -1 369 -1 -nan
1752 -1 -1 406 -1 0
1753 -1 -1 -1 -1 -1
1754 523600 235 528 26 3
1755 529200 89 531 8 7.66667
1756 -1 -1 -1 -1 -1
1757 529200 3932 3193 329 1.48387
1758 529200 7905 12632 613 1.26244
1759 534800 70 1006 6 0
1760 534800 2290 5266 170 1.1358
1761 534800 2270 4844 179 1.36095
1762 534800 2111 4837 131 1.104
1763 529200 2794 5442 227 1.37788
1764 529200 553 1069 53 0.442308
1765 484400 1019 4504 6 0
1766 -1 -1 526 -1 -nan
1767 -1 -1 -1 -1 -1
1768 -1 -1 -1 -1 -1
1769 -1 -1 0 -1 -nan
1770 -1 -1 -1 -1 -1
1771 -1 -1 0 -1 -nan
1772 -1 -1 0 -1 0
1773 -1 -1 0 -1 -nan
1774 -1 -1 0 -1 -nan
1775 -1 -1 0 -1 0
1776 -1 -1 0 -1 -nan
1777 -1 -1 0 -1 -nan
1778 -1 -1 0 -1 -nan
1779 -1 -1 0 -1 -nan
1780 -1 -1 0 -1 0
1781 -1 -1 0 -1 -nan
1782 -1 -1 0 -1 0
1783 -1 -1 0 -1 0
1784 -1 -1 0 -1 0
1785 -1 -1 0 -1 0
1786 -1 -1 0 -1 0
1787 -1 -1 0 -1 0
1788 -1 -1 0 -1 0
1789 529200 16816 5771 535 1.53635
1790 529200 58060 14172 1877 1.39394
1791 534800 93 8809 2 0
1792 523600 8576 8384 219 2.3
1793 -1 -1 12566 -1 0
1794 523600 1724 1502 14 0
1795 523600 1872 1974 51 1.95745
1796 523600 1955 1993 43 2.3
1797 523600 3069 1966 78 1.22667
1798 523600 7254 2013 114 1.04545
1799 523600 7897 1974 113 0.616071
1800 523600 7923 1516 117 0.793103
1801 523600 11107 2025 122 1.34167
1802 523600 2185 4010 25 0.92
1803 -1 -1 -1 -1 -1
1804 -1 -1 -1 -1 -1
1805 523600 5540 1565 134 1.8254
1806 -1 -1 -1 -1 -1
1807 -1 -1 -1 -1 -1
1808 -1 -1 0 -1 -nan
1809 -1 -1 0 -1 -nan
1810 523600 11227 2072 222 1.15525
1811 -1 -1 1437 -1 -nan
1812 523600 10917 2196 258 1.40244
1813 523600 14078 2698 327 0.714286
1814 523600 11007 2707 257 1.2008
1815 523600 20755 4393 455 1.38426
1816 523600 10622 2218 215 1.23415
1817 523600 8744 2162 225 1.05505
1818 523600 9917 2198 246 1.70742
1819 523600 8724 2137 222 1.06481
1820 523600 8454 2131 213 1
1821 523600 9423 2118 210 1.37313
1822 523600 7442 2634 170 0.836364
1823 523600 64444 12290 1511 1.00341
1824 523600 87021 22202 2876 1.14958
1825 523600 88009 19353 3505 1.1298
1826 523600 169866 27019 6150 1.32179
1827 523600 124117 15522 4441 1.24647
1828 484400 306591 9799 3806 1.28537
1829 529200 67893 21402 3348 1.19052
1830 534800 11143 7153 892 0.938228
1831 534800 2819 7409 247 1.8
1832 534800 9421 5691 661 1.12995
1833 -1 -1 -1 -1 -1
1834 534800 17351 8488 1507 0.968923
1835 -1 -1 12168 -1 0.900103
1836 -1 -1 -1 -1 -1
1837 -1 -1 -1 -1 -1
1838 -1 -1 6429 -1 0.733068
1839 529200 167249 21499 7483 1.18524
1840 529200 202320 24719 9010 1.28178
1841 484400 365733 17388 9680 34.7521
1842 534800 104709 17399 14541 52.4587
1843 534800 16122 2840 2215 54.4754
1844 534800 237985 49707 37990 56.1015
1845 534800 219274 47979 36587 63.4137
1846 534800 150926 31294 31205 96.9401
1847 534800 13305 3330 2217 73.2638
1848 534800 4328 1103 559 42.5885
1849 529200 129662 19484 8676 9.84437
1850 -1 -1 -1 -1 -1
1851 529200 261769 46462 18679 10.9348
1852 529200 349276 47820 24241 8.96756
1853 529200 16489 2671 1616 22.8121
1854 529200 6542 1503 420 1.08706
1855 490000 770 0 29 0
1856 -1 -1 1985 -1 -nan
1857 529200 116501 23514 5358 1.80899
1858 529200 78254 15167 3647 1.63812
1859 529200 219828 33814 10079 2.39222
1860 -1 -1 5660 -1 -nan
1861 529200 8063 13405 416 2.97361
1862 529200 424532 46899 21326 2.56393
1863 529200 254710 28408 12522 2.63159
1864 529200 47156 5059 3339 2.15319
1865 495600 2921 760 2675 1.0154
1866 495600 68780 8717 16090 1.25364
1867 529200 375290 46789 17645 2.96977
1868 529200 394039 48678 18924 3.23355
1869 529200 349503 37966 16786 3.17227
1870 -1 -1 -1 -1 -1
1871 529200 164740 14833 7896 3.24336
1872 -1 -1 -1 -1 -1
1873 -1 -1 0 -1 -nan
1874 529200 200247 32623 10133 3.10727
1875 529200 69023 13649 3387 2.86364
1876 529200 9527 2732 421 3.15281
1877 529200 7223 1645 371 3.87714
1878 529200 11542 2732 571 3.18339
1879 529200 15904 2665 740 3.46307
1880 529200 1177 556 64 2.96774
1881 529200 16532 2701 818 3.33965
1882 529200 16963 2670 802 3.22293
1883 484400 76706 2607 1046 6.56142
1884 322000 84279 2088 1030 7.31063
1885 366800 22234 1079 298 4.98333
1886 -1 -1 0 -1 -nan
1887 -1 -1 0 -1 0
1888 322000 58787 1679 704 6.325
1889 -1 -1 0 -1 -nan
1890 -1 -1 0 -1 -nan
1891 -1 -1 0 -1 -nan
1892 -1 -1 0 -1 -nan
1893 322000 287729 6068 3059 0
1894 322000 77829 2181 922 0
1895 322000 114272 3483 1261 0
1896 322000 918650 18150 9960 0
1897 -1 -1 0 -1 0
1898 322000 229025 5313 2543 0
1899 322000 122408 5803 1333 0
1900 -1 -1 3890 -1 0
1901 322000 17481 3128 220 0
1902 -1 -1 2141 -1 0
1903 -1 -1 0 -1 0
1904 529200 3217 4 0 0
1905 -1 -1 5453 -1 0.996091
1906 -1 -1 0 -1 0
1907 495600 2574 345 4785 1.04531
1908 -1 -1 6497 -1 1.00716
1909 -1 -1 408 -1 1.00285
1910 -1 -1 1512 -1 1.00308
1911 327600 11216 2660 1624 1.11004
1912 322000 1.44275e+06 52395 18834 1.08573
1913 322000 9265 2504 451 1.22454
1914 322000 38060 3436 3015 1.04091
1915 333200 86449 9949 25072 1.00191
1916 322000 96701 5975 2733 1.01855
1917 -1 -1 0 -1 -nan
1918 327600 15790 8667 774 0.604468
1919 -1 -1 8691 -1 0.857143
1920 -1 -1 5473 -1 0.963687
1921 -1 -1 -1 -1 -1
1922 -1 -1 0 -1 -nan
1923 -1 -1 944 -1 1.87755
1924 -1 -1 -1 -1 -1
1925 -1 -1 -1 -1 -1
1926 -1 -1 -1 -1 -1
1927 -1 -1 -1 -1 -1
1928 -1 -1 0 -1 -nan
1929 -1 -1 0 -1 -nan
1930 -1 -1 -1 -1 -1
1931 -1 -1 4984 -1 0.766667
1932 -1 -1 0 -1 -nan
1933 -1 -1 0 -1 -nan
1934 -1 -1 2881 -1 0.971831
1935 322000 29413 7703 262 0.430712
1936 -1 -1 8825 -1 1.48069
1937 -1 -1 8964 -1 0.621622
1938 -1 -1 8472 -1 -nan
1939 -1 -1 1020 -1 1.21053
1940 -1 -1 -1 -1 -1
1941 -1 -1 2109 -1 0
1942 -1 -1 -1 -1 -1
1943 -1 -1 -1 -1 -1
1944 -1 -1 958 -1 0
1945 -1 -1 9911 -1 0.549488
1946 -1 -1 8871 -1 0.87027
1947 -1 -1 9045 -1 0.714286
1948 -1 -1 -1 -1 -1
1949 -1 -1 -1 -1 -1
1950 -1 -1 10904 -1 1.07333
1951 322000 14388 6437 540 0.787072
1952 322000 47170 4640 922 1.15772
1953 -1 -1 0 -1 -nan
1954 -1 -1 -1 -1 -1
1955 -1 -1 0 -1 -nan
1956 -1 -1 0 -1 -nan
1957 -1 -1 0 -1 -nan
1958 -1 -1 0 -1 -nan
1959 -1 -1 -1 -1 -1
1960 -1 -1 -1 -1 -1
1961 -1 -1 0 -1 -nan
1962 -1 -1 0 -1 -nan
1963 -1 -1 0 -1 -nan
1964 -1 -1 0 -1 -nan
1965 -1 -1 0 -1 -nan
1966 -1 -1 0 -1 -nan
1967 -1 -1 0 -1 -nan
1968 -1 -1 0 -1 -nan
1969 -1 -1 0 -1 -nan
1970 -1 -1 0 -1 -nan
1971 -1 -1 0 -1 -nan
1972 -1 -1 0 -1 -nan
1973 -1 -1 0 -1 -nan
1974 -1 -1 0 -1 -nan
1975 -1 -1 0 -1 -nan
1976 -1 -1 0 -1 -nan
1977 -1 -1 0 -1 -nan
1978 -1 -1 0 -1 -nan
1979 -1 -1 -1 -1 -1
1980 -1 -1 -1 -1 -1
1981 -1 -1 0 -1 -nan
1982 -1 -1 0 -1 0
1983 -1 -1 0 -1 -nan
1984 -1 -1 0 -1 0
1985 -1 -1 0 -1 0
1986 -1 -1 0 -1 0
1987 -1 -1 0 -1 -nan
1988 -1 -1 0 -1 0
1989 -1 -1 0 -1 0
1990 -1 -1 0 -1 -nan
1991 -1 -1 0 -1 -nan
1992 -1 -1 0 -1 -nan
1993 -1 -1 0 -1 0
1994 -1 -1 0 -1 0
1995 -1 -1 0 -1 0
1996 -1 -1 0 -1 0
1997 -1 -1 0 -1 0
1998 -1 -1 -1 -1 -1
1999 -1 -1 -1 -1 -1
